1; 3.64576; 69.8667; 406.485, 19625.5
2; 10.0694; 69.9827; 774.7, 5116.02
3; 7.90137; 68.8895; 926.284, 3984.86
4; 8.67027; 69.2564; 926.954, 3192.12
5; 8.65716; 69.2943; 935.041, 3182.56
6; 8.65592; 69.2937; 935.129, 3182.56
7; 8.65601; 69.2937; 935.125, 3182.56
8; 8.65601; 69.2937; 935.125, 3182.56
9; 8.65601; 69.2937; 935.125, 3182.56
10; 8.65601; 69.2937; 935.125, 3182.56
1; 4.54149; 58.2922; 312.262, 48412.6
2; 27.7557; 52.0978; 936.786, 26529
3; -354.272; 148.683; 1374.64, 19995
4; -423.523; 129.858; 1432.91, 17463.9
5; -568.57; 80.5552; 1491.57, 16143.5
6; -569.987; 67.6125; 1572.88, 15902.2
7; -566.143; 61.9897; 1573.67, 15901.6
8; -555.03; 50.926; 1572.6, 15900.6
9; -518.979; 29.2701; 1575.84, 15899.1
10; -464.793; 12.1996; 1593.79, 15896.7
11; -398.933; 0.146959; 1624.58, 15894.5
12; -328.715; -4.79287; 1669.54, 15891.6
13; -260.184; -0.921776; 1718.29, 15883.3
14; -192.978; 8.97118; 1760.85, 15872.3
15; -121.09; 29.216; 1747.92, 15846.9
16; -29.659; 59.9231; 1596.09, 15716.5
17; -28.9305; 58.4704; 1618.4, 15309.7
18; -21.4518; 56.368; 1626.38, 14437.4
19; -19.4477; 56.185; 1631.75, 14101
20; -15.7833; 55.8918; 1646.45, 13152.6
21; -11.5559; 55.5391; 1692.71, 10889.7
22; -8.09782; 55.3752; 1845.08, 6883.31
23; -6.81104; 55.4452; 2174.57, 2923.34
24; -7.14368; 55.4209; 2174.31, 2107.91
25; -7.15278; 55.421; 2175.77, 2106.53
26; -7.15266; 55.421; 2175.79, 2106.53
27; -7.15267; 55.421; 2175.79, 2106.53
28; -7.15267; 55.421; 2175.79, 2106.53
29; -7.15267; 55.421; 2175.79, 2106.53
1; 3.64576; 69.8667; 406.485, 19625.5
2; 10.0694; 69.9827; 774.7, 5116.02
3; 7.90137; 68.8895; 926.284, 3984.86
4; 8.67027; 69.2564; 926.954, 3192.12
5; 8.65716; 69.2943; 935.041, 3182.56
6; 8.65592; 69.2937; 935.129, 3182.56
7; 8.65601; 69.2937; 935.125, 3182.56
8; 8.65601; 69.2937; 935.125, 3182.56
9; 8.65601; 69.2937; 935.125, 3182.56
10; 8.65601; 69.2937; 935.125, 3182.56
1; 4.54149; 58.2922; 312.262, 48412.6
2; 27.7557; 52.0978; 936.786, 26529
3; -354.272; 148.683; 1374.64, 19995
4; -423.523; 129.858; 1432.91, 17463.9
5; -568.57; 80.5552; 1491.57, 16143.5
6; -569.987; 67.6125; 1572.88, 15902.2
7; -566.143; 61.9897; 1573.67, 15901.6
8; -555.03; 50.926; 1572.6, 15900.6
9; -518.979; 29.2701; 1575.84, 15899.1
10; -464.793; 12.1996; 1593.79, 15896.7
11; -398.933; 0.146959; 1624.58, 15894.5
12; -328.715; -4.79287; 1669.54, 15891.6
13; -260.184; -0.921776; 1718.29, 15883.3
14; -192.978; 8.97118; 1760.85, 15872.3
15; -121.09; 29.216; 1747.92, 15846.9
16; -29.659; 59.9231; 1596.09, 15716.5
17; -28.9305; 58.4704; 1618.4, 15309.7
18; -21.4518; 56.368; 1626.38, 14437.4
19; -19.4477; 56.185; 1631.75, 14101
20; -15.7833; 55.8918; 1646.45, 13152.6
21; -11.5559; 55.5391; 1692.71, 10889.7
22; -8.09782; 55.3752; 1845.08, 6883.31
23; -6.81104; 55.4452; 2174.57, 2923.34
24; -7.14368; 55.4209; 2174.31, 2107.91
25; -7.15278; 55.421; 2175.77, 2106.53
26; -7.15266; 55.421; 2175.79, 2106.53
27; -7.15267; 55.421; 2175.79, 2106.53
28; -7.15267; 55.421; 2175.79, 2106.53
29; -7.15267; 55.421; 2175.79, 2106.53
1; 24.6816; 82.052; 401.089, 10344.5
2; 24.9102; 81.1661; 537.187, 5869.1
3; 15.7356; 78.4643; 644.935, 3693.37
4; 15.8374; 79.4748; 713.52, 1575.78
5; 15.7084; 79.3714; 719.698, 1548.78
6; 15.7159; 79.3747; 719.651, 1548.74
7; 15.7157; 79.3747; 719.654, 1548.74
8; 15.7157; 79.3747; 719.654, 1548.74
9; 15.7157; 79.3747; 719.654, 1548.74
10; 15.7157; 79.3747; 719.654, 1548.74
1; 3.85911; 64.8806; 367.02, 35409.7
2; 12.1752; 62.123; 932.836, 19461.9
3; 9.96016; 65.0029; 1252.61, 14004.5
4; 9.70938; 64.5646; 1324.36, 12458
5; 7.94403; 63.9367; 1451.97, 9371.78
6; 5.00891; 63.8479; 1759.84, 6884.8
7; 5.61524; 63.8557; 1917.74, 2125.24
8; 5.62685; 63.8698; 1919.18, 2115.45
9; 5.62854; 63.8702; 1918.92, 2115.43
10; 5.62863; 63.8702; 1918.91, 2115.43
11; 5.62864; 63.8702; 1918.9, 2115.43
12; 5.62864; 63.8702; 1918.9, 2115.43
13; 5.62864; 63.8702; 1918.9, 2115.43
14; 5.62864; 63.8702; 1918.9, 2115.43
1; 24.6816; 82.052; 401.089, 10344.5
2; 24.9102; 81.1661; 537.187, 5869.1
3; 15.7356; 78.4643; 644.935, 3693.37
4; 15.8374; 79.4748; 713.52, 1575.78
5; 15.7084; 79.3714; 719.698, 1548.78
6; 15.7159; 79.3747; 719.651, 1548.74
7; 15.7157; 79.3747; 719.654, 1548.74
8; 15.7157; 79.3747; 719.654, 1548.74
9; 15.7157; 79.3747; 719.654, 1548.74
10; 15.7157; 79.3747; 719.654, 1548.74
1; 3.85911; 64.8806; 367.02, 35409.7
2; 12.1752; 62.123; 932.836, 19461.9
3; 9.96016; 65.0029; 1252.61, 14004.5
4; 9.70938; 64.5646; 1324.36, 12458
5; 7.94403; 63.9367; 1451.97, 9371.78
6; 5.00891; 63.8479; 1759.84, 6884.8
7; 5.61524; 63.8557; 1917.74, 2125.24
8; 5.62685; 63.8698; 1919.18, 2115.45
9; 5.62854; 63.8702; 1918.92, 2115.43
10; 5.62863; 63.8702; 1918.91, 2115.43
11; 5.62864; 63.8702; 1918.9, 2115.43
12; 5.62864; 63.8702; 1918.9, 2115.43
13; 5.62864; 63.8702; 1918.9, 2115.43
14; 5.62864; 63.8702; 1918.9, 2115.43
